../Images/Training_1.ppm../Images/ref1.ppm
0 0.0676569
0.1 0.349416
0.2 0.411727
0.3 0.462046
0.4 0.508947
0.5 0.557995
0.6 0.628662
0.7 0.717087
0.8 0.810808
0.9 0.881801
1 0.932854
1.1 0.932854
1.2 0.932854
1.3 0.932854
1.4 0.932854
1.5 0.932854
1.6 0.932854
1.7 0.932854
1.8 0.932854
1.9 0.932854
2 0.932854
2.1 0.932854
2.2 0.932854
2.3 0.932854
2.4 0.932854
2.5 0.932854
2.6 0.932854
2.7 0.932854
2.8 0.932854
2.9 0.932854
3 0.932854
3.1 0.932854
3.2 0.932854
3.3 0.932854
3.4 0.932854
3.5 0.932854
3.6 0.932854
3.7 0.932854
3.8 0.932854
3.9 0.932854
4 0.932854
4.1 0.932854
4.2 0.932854
4.3 0.932854
4.4 0.932854
4.5 0.932854
4.6 0.932854
4.7 0.932854
4.8 0.932854
4.9 0.932854
5 0.932854
